"Gattung","Nummer","Gewicht","Fangdatum","Magenumf","ln_gewicht","log10_gewicht"
"Oc",32,0.19,"23.09.97",1.56,-1.66073120682165,-0.721246399047171
"Oc",34,0.59,"23.09.97",1.63,-0.527632742082372,-0.229147988357856
"Oc",48,0.09,"23.09.97",1.69,-2.40794560865187,-1.04575749056068
"Oc",55,0.23,"23.09.97",1.69,-1.46967597005894,-0.638272163982407
"Oc",41,0.24,"23.09.97",1.75,-1.42711635564015,-0.619788758288394
"Oc",24,0.19,"23.09.97",1.81,-1.66073120682165,-0.721246399047171
"Oc",39,0.26,"23.09.97",1.81,-1.34707364796661,-0.585026652029182
"Oc",35,0.19,"23.09.97",1.88,-1.66073120682165,-0.721246399047171
"Oc",45,0.15,"23.09.97",2,-1.89711998488588,-0.823908740944319
"Oc",27,0.34,"23.09.97",2.13,-1.07880966137193,-0.468521082957745
"Oc",33,0.27,"23.09.97",2.13,-1.30933331998376,-0.568636235841013
"Oc",7,0.22,"15.09.97",2.19,-1.51412773262978,-0.657577319177794
"Oc",52,0.24,"23.09.97",2.19,-1.42711635564015,-0.619788758288394
"Oc",10,0.15,"15.09.97",2.31,-1.89711998488588,-0.823908740944319
"Oc",5,0.22,"15.09.97",2.44,-1.51412773262978,-0.657577319177794
"Oc",51,0.41,"23.09.97",2.44,-0.891598119283784,-0.387216143280265
"Oc",31,0.48,"23.09.97",2.56,-0.7339691750802,-0.318758762624413
"Oc",36,0.66,"23.09.97",2.63,-0.415515443961666,-0.180456064458131
"Oc",11,0.41,"15.09.97",2.81,-0.891598119283784,-0.387216143280265
"Oc",4,0.52,"15.09.97",3,-0.653926467406664,-0.283996656365201
"Oc",56,1.09,"12.10.97",3.1,0.0861776962410524,0.0374264979406237
"Oc",28,1.1,"23.09.97",3.13,0.0953101798043249,0.0413926851582251
"Oc",43,0.57,"23.09.97",3.13,-0.562118918153541,-0.244125144327509
"Oc",2,1.02,"15.09.97",3.19,0.0198026272961797,0.00860017176191757
"Oc",3,0.82,"15.09.97",3.19,-0.198450938723838,-0.0861861476162833
"Oc",9,1.8,"15.09.97",3.19,0.587786664902119,0.255272505103306
"Oc",38,0.96,"23.09.97",3.19,-0.0408219945202552,-0.0177287669604316
"Oc",30,1.71,"23.09.97",3.31,0.536493370514568,0.232996110392154
"Oc",6,0.9,"15.09.97",3.38,-0.105360515657826,-0.0457574905606751
"Oc",16,1.23,"15.09.97",3.44,0.207014169384326,0.0899051114393979
"Oc",18,1,"15.09.97",3.44,0,0
"Oc",60,1.62,"12.10.97",3.75,0.482426149244293,0.209515014542631
"Oc",12,1.1,"15.09.97",3.75,0.0953101798043249,0.0413926851582251
"Oc",17,1.4,"15.09.97",3.75,0.336472236621213,0.146128035678238
"Oc",1,1.2,"15.09.97",3.88,0.182321556793955,0.0791812460476248
"Oc",58,1.61,"12.10.97",4.15,0.476234178996372,0.20682587603185
"Oc",19,1.46,"15.09.97",4.19,0.378436435720245,0.164352855784437
"Oc",20,1.06,"15.09.97",4.19,0.0582689081239758,0.0253058652647703
"Oc",57,1.74,"12.10.97",4.4,0.553885113226438,0.2405492482826
"Oc",29,2.48,"23.09.97",4.44,0.908258560176891,0.394451680826216
"Oc",15,0.92,"15.09.97",4.56,-0.083381608939051,-0.0362121726544447
"Oc",37,2.06,"23.09.97",4.88,0.72270598280149,0.313867220369153
"Oc",59,2.53,"12.10.97",5.25,0.928219302739429,0.403120521175818
"L",26,0.41,"23.09.97",2.55,-0.891598119283784,-0.387216143280265
"L",46,0.39,"23.09.97",2.65,-0.941608539858445,-0.408935392973501
"L",59,1.24,"12.10.97",3.15,0.215111379616945,0.0934216851622351
"L",41,0.57,"23.09.97",3.2,-0.562118918153541,-0.244125144327509
"L",44,0.71,"23.09.97",3.25,-0.342490308946776,-0.148741651280925
"L",45,0.42,"23.09.97",3.1,-0.867500567704723,-0.3767507096021
"L",48,1.57,"12.10.97",3.35,0.451075619360217,0.195899652409234
"L",52,1.32,"12.10.97",3.35,0.27763173659828,0.12057393120585
"L",60,2.4,"12.10.97",3.55,0.8754687373539,0.380211241711606
"L",23,0.5,"15.09.97",3.45,-0.693147180559945,-0.301029995663981
"L",21,2.63,"15.09.97",3.7,0.966983846189673,0.419955748489758
"L",36,0.69,"23.09.97",3.35,-0.371063681390832,-0.161150909262745
"L",37,0.81,"23.09.97",4,-0.210721031315653,-0.0915149811213502
"L",43,0.65,"23.09.97",3.6,-0.430782916092454,-0.187086643357144
"L",56,2.26,"12.10.97",3.75,0.815364813284194,0.354108439147401
"L",6,1.1,"15.09.97",3.8,0.0953101798043249,0.0413926851582251
"L",50,2.28,"12.10.97",4.1,0.824175442966349,0.357934847000454
"L",29,1.82,"23.09.97",4,0.598836501088704,0.260071387985075
"L",32,1.68,"23.09.97",4.05,0.518793793415168,0.225309281725863
"L",39,2.21,"23.09.97",4.4,0.792992515529661,0.344392273685111
"L",51,3.13,"12.10.97",4.1,1.14103300455206,0.495544337546448
"L",33,1.6,"23.09.97",4.35,0.470003629245736,0.204119982655925
"L",4,3.07,"15.09.97",4.55,1.12167756159911,0.487138375477186
"L",42,0.42,"23.09.97",4.8,-0.867500567704723,-0.3767507096021
"L",54,3.44,"12.10.97",4.6,1.23547147138531,0.53655844257153
"L",13,1.89,"15.09.97",4.8,0.636576829071551,0.276461804173244
"L",22,2.77,"15.09.97",4.6,1.01884732019925,0.442479769064449
"L",25,1.42,"23.09.97",4.65,0.350656871613169,0.152288344383056
"L",24,3.05,"23.09.97",4.8,1.11514159061932,0.484299839346786
"L",38,3.18,"23.09.97",5.1,1.15688119679209,0.502427119984433
"L",3,3.22,"15.09.97",5.2,1.16938135955632,0.507855871695831
"L",5,3.57,"15.09.97",5.05,1.27256559579155,0.552668216112193
"L",11,2.08,"15.09.97",5.35,0.732367893713227,0.318063334962762
"L",27,3.35,"23.09.97",5.15,1.20896034583698,0.525044807036845
"L",58,4.94,"12.10.97",5.2,1.59736533119983,0.693726948923647
"L",8,4.51,"15.09.97",5.45,1.50629715351459,0.65417654187796
"L",35,4.55,"23.09.97",5.15,1.51512723296286,0.658011396657112
"L",14,3.33,"15.09.97",5.35,1.20297230399235,0.52244423350632
"L",20,5.21,"15.09.97",5.5,1.65057985576528,0.716837723299524
"L",40,3.24,"23.09.97",5.4,1.17557332980424,0.510545010206612
"L",15,4.87,"15.09.97",5.45,1.5830939370945,0.687528961214634
"L",34,3.94,"23.09.97",5.6,1.37118072330984,0.595496221825574
"L",10,3.42,"15.09.97",5.85,1.22964055107451,0.534026106056135
"L",16,3.16,"15.09.97",5.7,1.15057202759882,0.499687082618404
"L",7,6.95,"15.09.97",5.85,1.9387416595767,0.841984804590114
"L",1,2.99,"15.09.97",5.85,1.0952733874026,0.47567118832443
"L",9,5.22,"15.09.97",6.05,1.65249740189455,0.717670503002262
"L",12,4.64,"15.09.97",6.35,1.53471436623816,0.666517980554881
"L",17,6.46,"15.09.97",6.3,1.86562931779451,0.810232517995084
"L",28,5.98,"23.09.97",6.3,1.78842056796254,0.776701183988411
"L",53,8.69,"12.10.97",7.5,2.1621729392773,0.939019776448666
"N",48,0.06,"23.09.97",1.9,-2.81341071676004,-1.22184874961636
"N",8,0.065,"15.09.97",2.8,-2.7333680090865,-1.18708664335714
"N",47,0.125,"23.09.97",2.5,-2.07944154167984,-0.903089986991944
"N",25,0.155,"15.09.97",2.9,-1.86433016206289,-0.809668301829709
"N",10,0.16,"15.09.97",2.6,-1.83258146374831,-0.795880017344075
"N",5,0.17,"15.09.97",3.3,-1.77195684193188,-0.769551078621726
"N",42,0.19,"23.09.97",2.6,-1.66073120682165,-0.721246399047171
"N",36,0.3,"23.09.97",2.9,-1.20397280432594,-0.522878745280338
"N",9,0.37,"15.09.97",2.9,-0.994252273343867,-0.431798275933005
"N",50,0.405,"23.09.97",3.1,-0.903868211875598,-0.392544976785331
"N",34,0.56,"23.09.97",3.1,-0.579818495252942,-0.2518119729938
"N",32,0.56,"23.09.97",3.8,-0.579818495252942,-0.2518119729938
"N",37,0.625,"23.09.97",3,-0.470003629245736,-0.204119982655925
"N",33,0.63,"23.09.97",3.9,-0.462035459596559,-0.200659450546418
"N",51,0.635,"23.09.97",3.6,-0.454130280089445,-0.197226274708024
"N",40,0.645,"23.09.97",3.4,-0.438504962186365,-0.190440285364732
"N",55,0.645,"23.09.97",3.4,-0.438504962186365,-0.190440285364732
"N",52,0.645,"23.09.97",4.1,-0.438504962186365,-0.190440285364732
"N",35,0.65,"23.09.97",4.3,-0.430782916092454,-0.187086643357144
"N",23,0.67,"15.09.97",3.6,-0.400477566597125,-0.173925197299174
"N",29,0.685,"23.09.97",3.1,-0.378336440719912,-0.164309428507574
"N",24,0.77,"15.09.97",4.2,-0.261364764134408,-0.113509274827518
"N",38,0.785,"23.09.97",4,-0.242071561199729,-0.105130343254747
"N",21,0.815,"15.09.97",3.6,-0.204567165741274,-0.0888423912600234
"N",31,0.835,"23.09.97",3.6,-0.180323554131282,-0.0783135245163979
"N",28,0.84,"23.09.97",4.7,-0.174353387144778,-0.0757207139381184
"N",43,0.855,"23.09.97",3.8,-0.156653810045377,-0.0680338852718274
"N",27,0.855,"23.09.97",4.8,-0.156653810045377,-0.0680338852718274
"N",13,0.855,"15.09.97",3.7,-0.156653810045377,-0.0680338852718274
"N",12,0.87,"15.09.97",4.4,-0.139262067333508,-0.0604807473813815
"N",54,0.9,"23.09.97",4.5,-0.105360515657826,-0.0457574905606751
"N",15,0.91,"15.09.97",4.25,-0.0943106794712413,-0.0409586076789064
"N",44,0.91,"23.09.97",4,-0.0943106794712413,-0.0409586076789064
"N",18,0.94,"15.09.97",4.6,-0.0618754037180875,-0.0268721464003014
"N",45,1.015,"23.09.97",4.25,0.0148886124937506,0.00646604224923168
"N",20,1.045,"15.09.97",4.25,0.0440168854167743,0.0191162904470728
"N",7,1.075,"15.09.97",4.25,0.0723206615796261,0.0314084642516241
"N",11,1.115,"15.09.97",2.6,0.108854404912082,0.0472748673841795
"N",22,1.155,"15.09.97",4.3,0.144100343973757,0.0625819842281631
"N",14,1.185,"15.09.97",4.1,0.169742774587095,0.0737183503461227
"N",26,1.265,"23.09.97",4.3,0.235072122179483,0.102090525511837
"N",57,1.31,"12.10.97",3.1,0.27002713721306,0.117271295655764
"N",41,1.31,"23.09.97",4.5,0.27002713721306,0.117271295655764
"N",46,1.33,"23.09.97",4.8,0.285178942233662,0.123851640967086
"N",63,1.335,"12.10.97",3.65,0.288931291852213,0.125481265700594
"N",60,1.455,"12.10.97",4.6,0.375005900623456,0.162862993321926
"N",61,1.47,"12.10.97",3.05,0.385262400790645,0.167317334748176
"N",56,1.625,"12.10.97",3.45,0.485507815781701,0.210853365314893
"N",59,1.765,"12.10.97",4,0.56815069038526,0.246744709723841
